 amsr2_gcom-w1           1  -1    1.100    6.300    2.000   10.000    0.000     -2     -1     -1
 amsr2_gcom-w1           2  -1    1.000    9.600    2.000   10.000    0.000     -2     -1     -1
 amsr2_gcom-w1           3  -1    1.100    6.400    2.000   10.000    0.000     -2     -1     -1
 amsr2_gcom-w1           4  -1    1.000    9.700    2.000   10.000    0.000     -2     -1     -1
 amsr2_gcom-w1           5  -1    1.250    6.200    3.000   10.000    0.000     -2     -1     -1
 amsr2_gcom-w1           6  -1    1.250   10.200    3.000   10.000    0.000     -2     -1     -1
 amsr2_gcom-w1           7  -1    1.500    6.700    3.000   10.000    0.000     -2     -1     -1
 amsr2_gcom-w1           8  -1    2.000   12.400    4.000   10.000    0.000     -2     -1     -1
 amsr2_gcom-w1           9  -1    2.000    6.200    5.000   10.000    0.000     -2     -1     -1
 amsr2_gcom-w1          10  -1    2.500   11.600    5.000   10.000    0.000     -2     -1     -1
 amsr2_gcom-w1          11  -1    1.750    7.700    5.000   10.000    0.000     -2     -1     -1
 amsr2_gcom-w1          12  -1    2.250   16.200    5.000   10.000    0.000     -2     -1     -1
 amsr2_gcom-w1          13  -1    2.100    6.900    5.000   10.000    0.000     -2     -1     -1
 amsr2_gcom-w1          14  -1    2.750   14.100    5.000   10.000    0.000     -2     -1     -1
